40001 2.89342e-17 2.89342e-17
40001.1 6.37828e-18 6.37828e-18
40001.1 1.27846e-18 1.27846e-18
40001.2 2.31639e-19 2.31639e-19
40001.3 3.7703e-20 3.7703e-20
40001.3 5.47654e-21 5.47654e-21
40001.4 7.04942e-22 7.04942e-22
40001.5 7.98141e-23 7.98141e-23
40001.6 7.88586e-24 7.88586e-24
40001.7 6.74236e-25 6.74236e-25
40001.8 4.9442e-26 4.9442e-26
40001.9 3.08025e-27 3.08025e-27
40002.1 1.61405e-28 1.61405e-28
40002.2 7.03808e-30 7.03808e-30
40002.3 2.52507e-31 2.52507e-31
40002.5 7.36463e-33 7.36463e-33
40002.6 1.72401e-34 1.72401e-34
40002.8 3.19556e-36 3.19556e-36
40002.9 4.623e-38 4.623e-38
40003.1 5.14079e-40 5.14079e-40
40003.3 4.32331e-42 4.32331e-42
40003.5 2.70272e-44 2.70272e-44
40003.7 1.23322e-46 1.23322e-46
40004 4.0281e-49 4.0281e-49
40004.2 9.22626e-52 9.22626e-52
40004.5 1.44981e-54 1.44981e-54
40004.7 1.52708e-57 1.52708e-57
40005 1.05188e-60 1.05188e-60
40005.3 4.61579e-64 4.61579e-64
40005.7 1.25494e-67 1.25494e-67
40006 2.05248e-71 2.05248e-71
40006.4 1.95702e-75 1.95702e-75
40006.8 1.05226e-79 1.05226e-79
40007.2 3.07979e-84 3.07979e-84
40007.7 4.72602e-89 4.72602e-89
40008.1 3.65388e-94 3.65388e-94
40008.6 1.36439e-99 1.36439e-99
40009.2 2.35262e-105 2.35262e-105
40009.7 1.78609e-111 1.78609e-111
40010.3 5.67576e-118 5.67576e-118
40011 7.15463e-125 7.15463e-125
40011.6 3.37933e-132 3.37933e-132
40012.4 5.62945e-140 5.62945e-140
40013.1 3.10159e-148 3.10159e-148
40013.9 5.27902e-157 5.27902e-157
40014.8 2.58178e-166 2.58178e-166
40015.7 3.35958e-176 3.35958e-176
40016.7 1.07201e-186 1.07201e-186
40017.7 7.6916e-198 7.6916e-198
40018.8 1.13184e-209 1.13184e-209
40019.9 3.098e-222 3.098e-222
40021.2 1.42191e-235 1.42191e-235
40022.5 9.80262e-250 9.80262e-250
40023.9 9.03109e-265 9.03109e-265
40025.3 9.82157e-281 9.82157e-281
40026.9 1.10525e-297 1.10525e-297
40028.6 1.11907e-315 1.11907e-315
40030.3 0 0
40032.2 0 0
40034.2 0 0
40036.3 0 0
40038.5 0 0
40040.9 0 0
40043.4 0 0
40046.1 0 0
40048.9 0 0
40052 0 0
40055.2 0 0
40058.6 0 0
40062.2 0 0
40066 0 0
40070.1 0 0
40074.4 0 0
40079 0 0
40083.9 0 0
40089 0 0
40094.5 0 0
40100.4 0 0
40106.6 0 0
40113.1 0 0
40120.1 0 0
40127.5 0 0
40135.4 0 0
40143.7 0 0
40152.6 0 0
40162 0 0
40172 0 0
40182.6 0 0
40193.9 0 0
40205.8 0 0
40218.5 0 0
40232 0 0
40246.3 0 0
40261.5 0 0
40277.7 0 0
40294.8 0 0
40313 0 0
40332.3 0 0
40352.8 0 0
40374.5 0 0
40397.6 0 0
40422.2 0 0
40448.2 0 0
40475.8 0 0
40505.2 0 0
40536.4 0 0
40569.4 0 0
40604.6 0 0
40641.9 0 0
40681.5 0 0
40723.5 0 0
40768.1 0 0
40815.5 0 0
40865.8 0 0
40919.2 0 0
40975.9 0 0
41036.1 0 0
41100 0 0
41167.9 0 0
41239.9 0 0
41316.4 0 0
41397.6 0 0
41483.8 0 0
41575.3 0 0
41672.5 0 0
41775.6 0 0
41885.2 0 0
42001.5 0 0
42124.9 0 0
42256 0 0
42395.1 0 0
42542.9 0 0
42699.7 0 0
42866.3 0 0
43043.1 0 0
43230.8 0 0
43430 0 0
43641.6 0 0
43866.2 0 0
44104.7 0 0
44357.9 0 0
44626.7 0 0
44912.1 0 0
45215.1 0 0
45536.8 0 0
45878.3 0 0
46240.9 0 0
46625.9 0 0
47034.6 0 0
47468.5 0 0
47929.2 0 0
48418.3 0 0
48937.5 0 0
49488.8 0 0
50074.1 0 0
50695.5 0 0
51355.2 0 0
52055.7 0 0
52799.3 0 0
53588.8 0 0
54427 0 0
55316.9 0 0
56261.7 0 0
57264.8 0 0
58329.7 0 0
59460.3 0 0
60660.7 0 0
61935.1 0 0
63288.1 0 0
64724.6 0 0
66249.7 0 0
67868.9 0 0
69587.9 0 0
71413 0 0
73350.6 0 0
75407.8 0 0
77591.8 0 0
79910.6 0 0
82372.4 0 0
84986.1 0 0
87761 0 0
90707 0 0
93834.8 0 0
97155.4 0 0
100681 0 0
104424 0 0
108398 0 0
112617 0 0
117096 0 0
121852 0 0
126900 0 0
132261 0 0
137952 0 0
143993 0 0
150408 0 0
157218 0 0
164449 0 0
172125 0 0
180275 0 0
188928 0 0
198114 0 0
207867 0 0
218221 0 0
229215 0 0
240886 0 0
253277 0 0
266433 0 0
280400 0 0
295228 0 0
310972 0 0
327686 0 0
345431 0 0
364271 0 0
384273 0 0
405509 0 0
428055 0 0
451991 0 0
477404 0 0
504384 0 0
533029 0 0
563440 0 0
595727 0 0
630006 0 0
666400 0 0
705038 0 0
746059 0 0
789611 0 0
835850 0 0
884940 0 0
937058 0 0
992391 0 0
1.05114e+06 0 0
1.11351e+06 0 0
1.17972e+06 0 0
1.25003e+06 0 0
1.32466e+06 0 0
1.40391e+06 0 0
1.48804e+06 0 0
1.57736e+06 0 0
1.67218e+06 0 0
1.77286e+06 0 0
1.87975e+06 0 0
1.99323e+06 0 0
2.11371e+06 0 0
2.24163e+06 0 0
2.37743e+06 0 0
2.52161e+06 0 0
2.67468e+06 0 0
2.8372e+06 0 0
3.00973e+06 0 0
3.19292e+06 0 0
3.3874e+06 0 0
3.59388e+06 0 0
3.81309e+06 0 0
4.04582e+06 0 0
4.29292e+06 0 0
4.55525e+06 0 0
4.83376e+06 0 0
5.12946e+06 0 0
5.44339e+06 0 0
5.77669e+06 0 0
6.13054e+06 0 0
6.50622e+06 0 0
6.90508e+06 0 0
7.32854e+06 0 0
7.77812e+06 0 0
8.25543e+06 0 0
8.76218e+06 0 0
9.30019e+06 0 0
9.87138e+06 0 0
1.04778e+07 0 0
1.11216e+07 0 0
1.18052e+07 0 0
1.25309e+07 0 0
1.33014e+07 0 0
1.41194e+07 0 0
1.49878e+07 0 0
1.59099e+07 0 0
1.68888e+07 0 0
1.79281e+07 0 0
1.90314e+07 0 0
2.02029e+07 0 0
2.14466e+07 0 0
2.2767e+07 0 0
2.41689e+07 0 0
2.56572e+07 0 0
2.72374e+07 0 0
2.8915e+07 0 0
3.06961e+07 0 0
3.25871e+07 0 0
3.45947e+07 0 0
3.67261e+07 0 0
3.8989e+07 0 0
4.13915e+07 0 0
4.39422e+07 0 0
4.66502e+07 0 0
4.95252e+07 0 0
5.25776e+07 0 0
5.58183e+07 0 0
5.92589e+07 0 0
6.29117e+07 0 0
6.67898e+07 0 0
7.09071e+07 0 0
7.52784e+07 0 0
7.99193e+07 0 0
8.48465e+07 0 0
9.00776e+07 0 0
9.56314e+07 0 0
1.01528e+08 0 0
1.07788e+08 0 0
1.14434e+08 0 0
1.2149e+08 0 0
1.28982e+08 0 0
1.36935e+08 0 0
1.45379e+08 0 0
1.54344e+08 0 0
1.63862e+08 0 0
1.73967e+08 0 0
1.84696e+08 0 0
1.96086e+08 0 0
2.08178e+08 0 0
2.21017e+08 0 0
2.34647e+08 0 0
2.49119e+08 0 0
2.64483e+08 0 0
2.80794e+08 0 0
2.98112e+08 0 0
3.16498e+08 0 0
3.36018e+08 0 0
3.56742e+08 0 0
3.78745e+08 0 0
4.02104e+08 0 0
4.26905e+08 0 0
4.53235e+08 0 0
4.81189e+08 0 0
5.10868e+08 0 0
5.42377e+08 0 0
5.7583e+08 0 0
6.11347e+08 0 0
6.49054e+08 0 0
6.89087e+08 0 0
7.3159e+08 0 0
7.76714e+08 0 0
8.24621e+08 0 0
8.75484e+08 0 0
9.29484e+08 0 0
9.86815e+08 0 0
1.04768e+09 0 0
1.1123e+09 0 0
1.18091e+09 0 0
1.25375e+09 0 0
1.33108e+09 0 0
1.41319e+09 0 0
1.50035e+09 0 0
1.5929e+09 0 0
1.69115e+09 0 0
1.79546e+09 0 0
1.90621e+09 0 0
2.02379e+09 0 0
2.14862e+09 0 0
2.28115e+09 0 0
2.42185e+09 0 0
2.57124e+09 0 0
2.72984e+09 0 0
2.89822e+09 0 0
3.07699e+09 0 0
3.26678e+09 0 0
3.46829e+09 0 0
3.68222e+09 0 0
3.90935e+09 0 0
4.15048e+09 0 0
4.4065e+09 0 0
4.6783e+09 0 0
4.96687e+09 0 0
5.27324e+09 0 0
5.5985e+09 0 0
5.94383e+09 0 0
6.31046e+09 0 0
6.69971e+09 0 0
7.11296e+09 0 0
7.55171e+09 0 0
8.01752e+09 0 0
8.51206e+09 0 0
9.03711e+09 0 0
9.59454e+09 0 0
1.01864e+10 0 0
1.08147e+10 0 0
1.14818e+10 0 0
1.219e+10 0 0
1.29419e+10 0 0
1.37402e+10 0 0
1.45877e+10 0 0
1.54875e+10 0 0
1.64429e+10 0 0
1.74571e+10 0 0
1.85339e+10 0 0
1.96771e+10 0 0
2.08909e+10 0 0
2.21795e+10 0 0
2.35476e+10 0 0
