0.05 1.83211e-143
0.06 1.28416e-124
0.07 2.44078e-123
0.08 8.74143e-122
0.09 5.41931e-121
0.1 1.40421e-118
0.11 5.05734e-120
0.12 1.20554e-119
0.13 6.65433e-118
0.14 1.11939e-116
0.15 7.1518e-116
0.16 1.86162e-115
0.17 2.28812e-115
0.18 7.10176e-114
0.19 3.95463e-114
0.2 5.08093e-113
0.21 5.25122e-112
0.22 3.05997e-111
0.23 2.69295e-109
0.24 6.48403e-109
0.25 1.09996e-108
0.26 2.96158e-107
0.27 2.88254e-107
0.28 4.26103e-106
0.29 4.7561e-105
0.3 2.40649e-105
0.31 1.73798e-104
0.32 1.01694e-103
0.33 4.91235e-103
0.34 1.99173e-102
0.35 6.8785e-102
0.36 2.05082e-101
0.37 5.33838e-101
0.38 1.55579e-99
0.39 3.09066e-99
0.4 5.51906e-99
0.41 8.92499e-99
0.42 1.48051e-97
0.43 1.95822e-97
0.44 2.39137e-97
0.45 2.81702e-96
0.46 2.92063e-96
0.47 2.7999e-95
0.48 2.5056e-95
0.49 1.99566e-94
0.5 1.57148e-94
0.51 1.06385e-93
0.52 6.59205e-93
0.53 4.38532e-93
0.54 2.36953e-92
0.55 1.18707e-91
0.56 6.85831e-92
0.57 3.0577e-91
0.58 1.27712e-90
0.59 6.5493e-91
0.6 2.47469e-90
0.61 8.83445e-90
0.62 2.98777e-89
0.63 9.59668e-89
0.64 2.9345e-88
0.65 1.23818e-88
0.66 3.51316e-88
0.67 9.54421e-88
0.68 2.48727e-87
0.69 6.22894e-87
0.7 1.50153e-86
0.71 3.48957e-86
0.72 7.82991e-86
0.73 1.69865e-85
0.74 3.56768e-85
0.75 7.26353e-85
0.76 1.43517e-84
0.77 2.75518e-84
0.78 5.1444e-84
0.79 9.35198e-84
0.8 1.65681e-83
0.81 2.86312e-83
0.82 4.83037e-83
0.83 7.95798e-83
0.84 1.28204e-82
0.85 2.02118e-82
0.86 3.12051e-82
0.87 2.48097e-81
0.88 3.64867e-81
0.89 5.26644e-81
0.9 7.46497e-81
0.91 1.03968e-80
0.92 1.42353e-80
0.93 1.91714e-80
0.94 1.24935e-79
0.95 1.61847e-79
0.96 2.06556e-79
0.97 2.59813e-79
0.98 3.22218e-79
0.99 1.85572e-78
1 2.226e-78
1.01 2.63611e-78
1.02 3.08302e-78
1.03 1.62241e-77
1.04 1.84209e-77
