20 3.19657e+10 3.19309e+10
29.8 1.51183e+10 1.5119e+10
39.6 8.77381e+09 8.77379e+09
49.4 5.72144e+09 5.72115e+09
59.2 4.02309e+09 4.02291e+09
69 2.98223e+09 2.98213e+09
78.8 2.29853e+09 2.29857e+09
88.6 1.82554e+09 1.82568e+09
98.4 1.48451e+09 1.48502e+09
108.2 1.22883e+09 1.23151e+09
118 1.03561e+09 1.03778e+09
127.8 8.84608e+08 8.8641e+08
137.6 7.64374e+08 7.65895e+08
147.4 6.67081e+08 6.68386e+08
157.2 5.8726e+08 5.88379e+08
167 5.2094e+08 5.21922e+08
176.8 4.6525e+08 4.6612e+08
186.6 4.18033e+08 4.18812e+08
196.4 3.77654e+08 3.78356e+08
206.2 3.49309e+08 3.43491e+08
216 3.18275e+08 3.13233e+08
225.8 2.912e+08 2.86803e+08
235.6 2.67438e+08 2.63583e+08
245.4 2.46469e+08 2.43072e+08
255.2 2.27873e+08 2.24866e+08
265 2.11304e+08 2.08631e+08
274.8 1.96478e+08 1.94093e+08
284.6 1.83159e+08 1.81023e+08
294.4 1.71149e+08 1.6923e+08
304.2 1.60283e+08 1.58553e+08
314 1.50419e+08 1.48856e+08
323.8 1.41439e+08 1.40022e+08
333.6 1.33239e+08 1.31951e+08
343.4 1.25731e+08 1.24559e+08
353.2 1.18841e+08 1.17771e+08
363 1.12501e+08 1.11523e+08
372.8 1.06656e+08 1.05759e+08
382.6 1.01257e+08 1.00431e+08
392.4 9.62552e+07 9.54955e+07
402.2 9.1615e+07 9.09152e+07
412 8.73022e+07 8.66567e+07
421.8 8.32869e+07 8.26905e+07
431.6 7.95422e+07 7.89906e+07
441.4 7.60443e+07 7.55335e+07
451.2 7.27721e+07 7.22985e+07
461 6.97065e+07 6.92669e+07
470.8 6.68306e+07 6.64221e+07
480.6 6.41289e+07 6.37491e+07
490.4 6.15877e+07 6.12342e+07
500.2 5.91945e+07 5.88652e+07
510 5.69381e+07 5.66311e+07
519.8 5.48081e+07 5.45218e+07
529.6 5.27955e+07 5.25282e+07
539.4 5.08916e+07 5.0642e+07
549.2 4.90888e+07 4.88556e+07
559 4.738e+07 4.7162e+07
568.8 4.57589e+07 4.55551e+07
578.6 4.42195e+07 4.40288e+07
588.4 4.27565e+07 4.25781e+07
598.2 4.13648e+07 4.11978e+07
608 4.00399e+07 3.98836e+07
617.8 3.87777e+07 3.86313e+07
627.6 3.75741e+07 3.74371e+07
637.4 3.64257e+07 3.62973e+07
647.2 3.5329e+07 3.52089e+07
657 3.42811e+07 3.41687e+07
666.8 3.32792e+07 3.31739e+07
676.6 3.23204e+07 3.2222e+07
686.4 3.14025e+07 3.13104e+07
696.2 3.05231e+07 3.0437e+07
706 2.96801e+07 2.95996e+07
715.8 2.88715e+07 2.87963e+07
725.6 2.80954e+07 2.80253e+07
735.4 2.73502e+07 2.72848e+07
745.2 2.66342e+07 2.65733e+07
755 2.5946e+07 2.58892e+07
764.8 2.5284e+07 2.52313e+07
774.6 2.46471e+07 2.45981e+07
784.4 2.40338e+07 2.39884e+07
794.2 2.34432e+07 2.34012e+07
804 2.2874e+07 2.28352e+07
813.8 2.23253e+07 2.22895e+07
823.6 2.17961e+07 2.17632e+07
833.4 2.12854e+07 2.12553e+07
843.2 2.07925e+07 2.07649e+07
853 2.03165e+07 2.02913e+07
862.8 1.98566e+07 1.98338e+07
872.6 1.94121e+07 1.93915e+07
882.4 1.89823e+07 1.89639e+07
892.2 1.85667e+07 1.85503e+07
902 1.81645e+07 1.815e+07
911.8 1.77753e+07 1.77626e+07
921.6 1.73984e+07 1.73875e+07
931.4 1.70333e+07 1.70241e+07
941.2 1.66796e+07 1.66719e+07
951 1.63368e+07 1.63306e+07
960.8 1.60048e+07 1.59997e+07
970.6 1.56825e+07 1.56787e+07
980.4 1.53698e+07 1.53673e+07
990.2 1.50663e+07 1.50651e+07
